t = [0:0.1:2*pi]
t =
         0    0.1000    0.2000    0.3000    0.4000    0.5000    0.6000
    0.7000    0.8000    0.9000    1.0000    1.1000    1.2000    1.3000
    1.4000    1.5000    1.6000    1.7000    1.8000    1.9000    2.0000
    2.1000    2.2000    2.3000    2.4000    2.5000    2.6000    2.7000
    2.8000    2.9000    3.0000    3.1000    3.2000    3.3000    3.4000
    3.5000    3.6000    3.7000    3.8000    3.9000    4.0000    4.1000
    4.2000    4.3000    4.4000    4.5000    4.6000    4.7000    4.8000
    4.9000    5.0000    5.1000    5.2000    5.3000    5.4000    5.5000
    5.6000    5.7000    5.8000    5.9000    6.0000    6.1000    6.2000

a = sin(t)
a =
         0    0.0998    0.1987    0.2955    0.3894    0.4794    0.5646    0.6442    0.7174    0.7833    0.8415    0.8912    0.9320    0.9636    0.9854    0.9975
    0.9996    0.9917    0.9738    0.9463    0.9093    0.8632    0.8085    0.7457    0.6755    0.5985    0.5155    0.4274    0.3350    0.2392    0.1411    0.0416
   -0.0584   -0.1577   -0.2555   -0.3508   -0.4425   -0.5298   -0.6119   -0.6878   -0.7568   -0.8183   -0.8716   -0.9162   -0.9516   -0.9775   -0.9937   -0.9999
   -0.9962   -0.9825   -0.9589   -0.9258   -0.8835   -0.8323   -0.7728   -0.7055   -0.6313   -0.5507   -0.4646   -0.3739   -0.2794   -0.1822   -0.0831

b = cos(t)
b =
    1.0000    0.9950    0.9801    0.9553    0.9211    0.8776    0.8253    0.7648    0.6967    0.6216    0.5403    0.4536    0.3624    0.2675    0.1700    0.0707
   -0.0292   -0.1288   -0.2272   -0.3233   -0.4161   -0.5048   -0.5885   -0.6663   -0.7374   -0.8011   -0.8569   -0.9041   -0.9422   -0.9710   -0.9900   -0.9991
   -0.9983   -0.9875   -0.9668   -0.9365   -0.8968   -0.8481   -0.7910   -0.7259   -0.6536   -0.5748   -0.4903   -0.4008   -0.3073   -0.2108   -0.1122   -0.0124
    0.0875    0.1865    0.2837    0.3780    0.4685    0.5544    0.6347    0.7087    0.7756    0.8347    0.8855    0.9275    0.9602    0.9833    0.9965

hold on
plot(a, 'r')
plot(b, 'b') 
xlabel('time')
ylabel('value')
legend('sin', 'cos')
title('myPlot')
print -dpng 'myPlot.png'
cd Data; print -dpng 'myPlot.png'
close

figure(1): plot(t, a)
figure(2): plot(t, b)

subplot(1, 2, 1);
plot(t, a)
subplot(1, 2, 2);
plot(t, b)
print -dpng 'sin-cos-subplot.png'

A = magic(5)
A =
    17    24     1     8    15
    23     5     7    14    16
     4     6    13    20    22
    10    12    19    21     3
    11    18    25     2     9

imagesc(A)
imagesc(A), colorbar, colormap gray;
imagesc(magic(15)), colorbar, colormap gray;

a= 1 , b= 2, c= 3
a =
     1
b =
     2
c =
     3

a= 1; b= 2; c= 3;
print -dpng 'MagicColors.png'